[[0.047537590887720596, 0.046317476704661485, 0.078535345698763429, 0.56852587919376074, 0.13149393093995901, 0.077208357335529818, 0.05038141923960502], [0.075329965774662458, 0.36665162016923547, 0.14675516629060997, 0.11704007251434076, 0.12275871775216141, 0.11026345336666911, 0.061201004132321032], [0.041987819158016901, 0.12120169372185863, 0.13238739179440756, 0.15272442494715022, 0.19719603734341398, 0.30186438112766278, 0.052638251907490087], [0.15887916320562018, 0.15381803454646395, 0.1747181445715616, 0.14245912006571515, 0.14338322719235352, 0.10386230380492389, 0.1228800066133609], [0.13364911975688273, 0.10490895433183391, 0.097803682435298689, 0.090323823488824381, 0.11405044993419113, 0.12638717918025502, 0.33287679087271405], [0.054130491469878805, 0.11822507864726146, 0.11428932755129344, 0.14259294705712988, 0.3685142551352571, 0.14314795800350238, 0.05909994213567716], [0.052462477501358205, 0.12865327040590793, 0.14825181099905191, 0.29118380079150313, 0.17961625441876244, 0.13576100927345389, 0.06407137660996215], [0.037809596256985746, 0.16939224791885396, 0.22188367520601868, 0.16050713229355215, 0.2065728275197479, 0.16321404139396886, 0.040620479410872892], [0.35847601317148187, 0.12605176096152465, 0.093343123750394302, 0.076935075609528641, 0.095233928486968017, 0.10198596827579869, 0.14797412974430393], [0.05357416829972729, 0.13761825701658095, 0.46805512108095981, 0.13482049698655379, 0.090399063072115995, 0.069307237304877548, 0.046225656239184655], [0.047930712142354351, 0.052801097595975503, 0.074834363156353056, 0.068192368279209256, 0.11792437954273782, 0.54954503461420312, 0.088772044669166786], [0.11997200461748694, 0.12602239740273616, 0.10572243702122026, 0.11879342467692147, 0.17228790425025609, 0.19828228540938009, 0.15891954662199914]]