[[0.05824035777814441, 0.17798702451574616, 0.23938628551845681, 0.19079758227838367, 0.15235899359804383, 0.12054811379646078, 0.060681642514757481], [0.11107778658573286, 0.10097244515388452, 0.098926418805775157, 0.096520488091671131, 0.12315732416322174, 0.14016240562513724, 0.32918313157458606], [0.067977336008855083, 0.52049502034118622, 0.10803730669240036, 0.084614978986090258, 0.088733980683315283, 0.075770212896193539, 0.054371164391955683], [0.055672973443273689, 0.11177866067548352, 0.11906715100285349, 0.1461050040602335, 0.37127852652566251, 0.13460152841383158, 0.061496155878643911], [0.038521435534196007, 0.04735870453690344, 0.04115196863496802, 0.043208145526403827, 0.080957093895915488, 0.67636459212874767, 0.072438059742864283], [0.041719415694279505, 0.075226410347056488, 0.10087457602810096, 0.52981896260407524, 0.12364678614418861, 0.082153979386150253, 0.046559869796143551], [0.26840375502427449, 0.1450961826072934, 0.11936365368167171, 0.11379167139428346, 0.12719996088684735, 0.11249573900638224, 0.11364903739925128], [0.089070883378589996, 0.043797405959835368, 0.03658972699325104, 0.036129360388223411, 0.046300882431045048, 0.070080684825584438, 0.6780310560234728], [0.029119638056345994, 0.0419347646020772, 0.049040655196233192, 0.058205334220859183, 0.69584680105413566, 0.090965499580072509, 0.034887307290275171], [0.043903522520732742, 0.089862847448303487, 0.56516836269011717, 0.099988847195260078, 0.090173817918584309, 0.067807992823998339, 0.043094609403000105], [0.061669637808229871, 0.11508388853651322, 0.11359028805701894, 0.12168091040262623, 0.16229529974631077, 0.35047021296553776, 0.075209762483773257], [0.60534954504000638, 0.078209240246226969, 0.053900985862922329, 0.046958024003245585, 0.056141978623067579, 0.055506235159195429, 0.10393399106533548]]