[[0.055285758465724137, 0.20419539253520311, 0.25813012320530737, 0.22127070890900888, 0.11427735688498251, 0.092278239102714557, 0.05456242089704072], [0.0025870958803971052, 0.0035610199261106134, 0.0039922539088200499, 0.0050332733178035903, 0.97399156143327903, 0.007795239799268508, 0.0030395557343202103], [0.040298053842724016, 0.10688421477494049, 0.1046682050397922, 0.13292883387295221, 0.47945511115009326, 0.092098106468103597, 0.043667474851389346], [0.0071609066603638459, 0.012741444224516747, 0.016979591980516556, 0.91596484029260472, 0.025014652184835742, 0.014512885248445564, 0.0076256794086890589], [0.0077202451366720163, 0.0045588696683960374, 0.0037136239262311162, 0.0035695082665710941, 0.0045193660674548598, 0.0072230895437787402, 0.96869529739089788], [0.0027970677963510731, 0.0042762061213174069, 0.0039632432593252253, 0.0041887302008014665, 0.0069532675677091626, 0.97143208307725126, 0.0063894019772447073], [0.43516786844132799, 0.13200127169083684, 0.092730236410146563, 0.08093040831540349, 0.095274842892936237, 0.088248888371387738, 0.075646483877960052], [0.042976748131608983, 0.099779129458367491, 0.08961957432844786, 0.1010002973696229, 0.15321065395825303, 0.45735699306718303, 0.056056603686474242], [0.013526383281811367, 0.91264091014460014, 0.021574170774231786, 0.013601848301385382, 0.015839639783867633, 0.013613737817025811, 0.0092033098970501163], [0.96957704514117415, 0.0069682872138743966, 0.0043397963376880276, 0.0038214310073521112, 0.0041544253703477479, 0.0039284980135209238, 0.007210516916047292], [0.10463922230919803, 0.086630527450547209, 0.076350360975766737, 0.078523716257946699, 0.10031962773818112, 0.1177682395889913, 0.43576830567937519], [0.0073006582997249088, 0.015066531341396782, 0.92368382128186521, 0.01767807731625301, 0.016712863196265255, 0.012042663753598526, 0.0075153848108679248]]