[[0.17366497134011152, 0.097097052520983523, 0.10005254024946088, 0.10151459903823995, 0.10737885846463878, 0.12057819473895821, 0.29971378364760759], [0.055993467563560703, 0.1277152541139199, 0.15509137924612401, 0.34376351285779455, 0.15629750914190205, 0.10929362738945111, 0.051845249687247928], [0.12284719796841552, 0.13526660171306296, 0.16169819045909611, 0.18055766898862796, 0.18573846495238178, 0.11571162326043423, 0.098180252657981568], [0.22806786895241538, 0.14490010923876401, 0.13769268637987728, 0.12701067300732791, 0.11598168665008915, 0.11119490621736144, 0.13515206955416456], [0.063338622967137867, 0.096672308916356073, 0.087278270764421448, 0.098854668890193759, 0.12998757181426887, 0.43964724608382377, 0.084221310563798099], [0.065767399854755451, 0.14385805872006263, 0.33447218500400383, 0.15839779707874785, 0.13765106404288141, 0.10613457084157302, 0.053718924457975756], [0.095130359256499569, 0.53859872987976154, 0.11721668576986662, 0.075631579763852805, 0.060659353923787081, 0.072488263666464034, 0.040275027739768265], [0.12273680203899826, 0.1301695438196793, 0.136031123700384, 0.13609111729045689, 0.14382569219501584, 0.18004991403506312, 0.15109580692040306], [0.087261345454552552, 0.2421924815355237, 0.16851049650625963, 0.16321653350048673, 0.14336336922669882, 0.12892226949248872, 0.066533504283990116], [0.61416891583586641, 0.076746903474054703, 0.047262627638060287, 0.055931274835890117, 0.055697044347765769, 0.055229782566220069, 0.094963451302142649], [0.029943573011144687, 0.16155955621471785, 0.18114057356863583, 0.19426730380304222, 0.21389544669502139, 0.18999165226877707, 0.029201894438661412], [0.033522735603494731, 0.077788973389494726, 0.07403005531737604, 0.087693534926123404, 0.59793236948737061, 0.081282389972582983, 0.047749941303557468]]